13.7533
8.20782
6.46236
8.52622
8.27455
7.86281
8.29148
8.48306
8.45274
6.08561
13.2755
8.34829
8.58862
7.69632
8.16291
11.2259
12.6239
8.57343
8.60314
11.3361
8.41842
10.4772
7.70988
10.1289
7.28981
8.18123
8.62309
10.2755
7.63561
12.7351
Latency:
12.2778
8.70178
8.04187
9.1725
8.48739
6.97262
8.48606
7.04582
12.2966
12.4755
8.3864
11.7257
8.63251
8.15754
7.89792
8.2316
5.75149
8.05885
8.76738
7.98573
8.55083
13.395
8.26146
8.78559
8.59802
8.14296
8.50515
5.45819
7.91855
7.50916
6.37829
5.46568
8.7043
8.15788
8.54928
7.44928
8.31699
9.70706
8.66393
8.32948
12.3746
8.30936
11.8903
9.23239
11.4826
9.0551
13.4655
8.58731
8.67289
8.47075
7.85154
8.9359
8.57548
5.46324
7.88165
8.72324
13.2157
8.23522
7.10613
8.25103
6.78934
7.97808
5.73302
8.35142
9.96933
8.47003
8.48972
9.48606
13.8122
